value 1.256100 1.532300 1.532300 3.359200 
value 1.242200 1.512400 1.512400 3.290800 
value 1.213500 1.471500 1.471500 3.151900 
value 1.112200 1.329000 1.329000 2.684200 
value 1.263700 1.543200 1.543200 3.396900 
value 1.158000 1.393100 1.393100 2.891100 
value 1.120500 1.340600 1.340600 2.721300 
value 1.224700 1.487400 1.487400 3.205900 
value 1.177200 1.420100 1.420100 2.980100 
value 1.354500 1.675200 1.675200 3.861200 
value 1.130100 1.353900 1.353900 2.763900 
value 1.265600 1.546000 1.546000 3.406600 
value 1.303100 1.600200 1.600200 3.595200 
value 1.097600 1.308800 1.308800 2.620100 
value 1.090500 1.299000 1.299000 2.589300 
value 1.210000 1.466500 1.466500 3.135000 
value 1.077100 1.280400 1.280400 2.531300 
value 1.221600 1.482900 1.482900 3.190600 
value 1.198500 1.450100 1.450100 3.080000 
value 1.225600 1.488700 1.488700 3.210200 
value 1.083200 1.288900 1.288900 2.557700 
value 1.332000 1.642300 1.642300 3.743800 
value 1.205100 1.459500 1.459500 3.111500 
value 1.124800 1.346600 1.346600 2.740400 
value 1.358100 1.680500 1.680500 3.879900 
value 1.395000 1.734800 1.734800 4.075300 
value 1.300700 1.596700 1.596700 3.583000 
value 1.222600 1.484300 1.484300 3.195400 
value 1.265000 1.545100 1.545100 3.403200 
value 1.258600 1.536000 1.536000 3.371800 
value 1.234700 1.501600 1.501600 3.254100 
value 1.066100 1.265400 1.265400 2.484500 
value 1.316400 1.619500 1.619500 3.663200 
value 1.145800 1.375900 1.375900 2.835200 
value 1.165500 1.403500 1.403500 2.925400 
value 1.075400 1.278100 1.278100 2.524100 
value 1.327800 1.636100 1.636100 3.721800 
value 1.329300 1.638400 1.638400 3.729900 
value 1.220100 1.480800 1.480800 3.183400 
value 1.183900 1.429500 1.429500 3.011500 
value 1.279200 1.565600 1.565600 3.474500 
value 1.253000 1.527900 1.527900 3.344000 
value 1.240200 1.509600 1.509600 3.281300 
value 1.227300 1.491100 1.491100 3.218300 
value 1.193700 1.443300 1.443300 3.057200 
value 1.387200 1.723300 1.723300 4.033700 
value 1.267700 1.549000 1.549000 3.416700 
value 1.209600 1.465900 1.465900 3.133100 
value 1.231500 1.497100 1.497100 3.238700 
value 1.147000 1.377500 1.377500 2.840500 
value 1.169200 1.408700 1.408700 2.942600 
value 1.138900 1.366300 1.366300 2.804000 
value 1.219600 1.480100 1.480100 3.180900 
value 1.114400 1.332100 1.332100 2.694100 
value 1.326100 1.633700 1.633700 3.713400 
value 1.227900 1.491900 1.491900 3.221100 
value 1.235300 1.502500 1.502500 3.257100 
value 1.175100 1.417100 1.417100 2.970300 
value 1.237900 1.506300 1.506300 3.270100 
value 1.229400 1.494100 1.494100 3.228600 
value 1.172500 1.413400 1.413400 2.958000 
value 1.158600 1.393800 1.393800 2.893500 
value 1.225200 1.488100 1.488100 3.208200 
value 1.133200 1.358300 1.358300 2.778100 
value 1.268900 1.550800 1.550800 3.422900 
value 1.270300 1.552700 1.552700 3.429600 
value 1.242900 1.513500 1.513500 3.294500 
value 1.262300 1.541300 1.541300 3.390200 
value 1.211600 1.468800 1.468800 3.142700 
value 1.116000 1.334300 1.334300 2.701000 
value 1.187900 1.435200 1.435200 3.030300 
value 1.202900 1.456400 1.456400 3.101300 
value 1.105900 1.320300 1.320300 2.656500 
value 1.084400 1.290600 1.290600 2.563000 
value 1.039200 1.228500 1.228500 2.371900 
value 1.206600 1.461600 1.461600 3.118600 
value 1.220600 1.481500 1.481500 3.185800 
value 1.289500 1.580400 1.580400 3.526000 
value 1.362700 1.687300 1.687300 3.904100 
value 1.189600 1.437500 1.437500 3.037900 
value 1.159700 1.395400 1.395400 2.898800 
value 1.209100 1.465200 1.465200 3.130800 
value 1.250300 1.524000 1.524000 3.330500 
value 1.267100 1.548200 1.548200 3.414100 
value 1.068400 1.268400 1.268400 2.494100 
value 1.239000 1.507800 1.507800 3.275300 
value 1.270900 1.553600 1.553600 3.432800 
value 1.351900 1.671400 1.671400 3.847200 
value 1.210600 1.467300 1.467300 3.137800 
value 1.205600 1.460200 1.460200 3.113900 
value 1.346100 1.662800 1.662800 3.816700 
value 1.197200 1.448300 1.448300 3.073900 
value 1.181900 1.426700 1.426700 3.002100 
value 1.400300 1.742700 1.742700 4.103800 
value 1.099000 1.310700 1.310700 2.626200 
value 1.156900 1.391500 1.391500 2.885900 
value 1.566800 1.993400 1.993400 5.025700 
value 1.168800 1.408100 1.408100 2.940600 
value 1.247400 1.519800 1.519800 3.316200 
value 1.134700 1.360400 1.360400 2.785000 
value 1.160300 1.396200 1.396200 2.901600 
value 1.212100 1.469400 1.469400 3.144900 
value 1.126500 1.349000 1.349000 2.748100 
value 1.106800 1.321600 1.321600 2.660500 
value 1.294400 1.587600 1.587600 3.551100 
value 1.173000 1.414200 1.414200 2.960500 
value 1.317900 1.621700 1.621700 3.670900 
value 1.208500 1.464300 1.464300 3.127800 
value 1.245600 1.517300 1.517300 3.307500 
value 1.162000 1.398700 1.398700 2.909500 
value 1.232900 1.499100 1.499100 3.245600 
value 1.223200 1.485300 1.485300 3.198500 
value 1.269700 1.551800 1.551800 3.426600 
value 1.095100 1.305300 1.305300 2.609100 
value 1.086100 1.292900 1.292900 2.570400 
value 1.230000 1.495000 1.495000 3.231400 
value 1.124000 1.345400 1.345400 2.736700 
value 1.241200 1.511000 1.511000 3.286200 
value 1.201500 1.454400 1.454400 3.094400 
value 1.280900 1.568100 1.568100 3.483000 
value 1.176700 1.419300 1.419300 2.977400 
value 1.101300 1.313900 1.313900 2.636200 
value 1.259200 1.536800 1.536800 3.374500 
value 1.233600 1.500100 1.500100 3.248800 
value 1.194500 1.444500 1.444500 3.061200 
value 1.232500 1.498600 1.498600 3.243700 
value 1.234100 1.500800 1.500800 3.251300 
value 1.192100 1.441100 1.441100 3.049800 
value 1.307000 1.605900 1.605900 3.615100 
value 1.129400 1.353000 1.353000 2.761100 
value 1.283200 1.571300 1.571300 3.494200 
value 1.150000 1.381800 1.381800 2.854400 
value 1.053200 1.247600 1.247600 2.430000 
value 1.287000 1.576900 1.576900 3.513800 
value 1.175600 1.417700 1.417700 2.972400 
value 1.110300 1.326400 1.326400 2.675900 
value 1.275700 1.560600 1.560600 3.457000 
value 1.188600 1.436100 1.436100 3.033300 
value 1.167600 1.406500 1.406500 2.935300 
value 1.148900 1.380300 1.380300 2.849500 
value 1.137500 1.364300 1.364300 2.797600 
value 1.286200 1.575700 1.575700 3.509600 
value 1.294000 1.586900 1.586900 3.548800 
value 1.310800 1.611400 1.611400 3.634700 
value 1.070900 1.271900 1.271900 2.504900 
value 1.219100 1.479400 1.479400 3.178700 
value 1.296600 1.590700 1.590700 3.562100 
value 1.118100 1.337200 1.337200 2.710300 
value 1.170900 1.411200 1.411200 2.950800 
value 1.155000 1.388800 1.388800 2.877300 
value 1.308700 1.608300 1.608300 3.623900 
value 1.231900 1.497700 1.497700 3.240800 
value 1.189100 1.436900 1.436900 3.035800 
value 1.425200 1.779700 1.779700 4.238400 
value 1.197500 1.448700 1.448700 3.075500 
value 1.281800 1.569300 1.569300 3.487400 
value 1.119400 1.339000 1.339000 2.716200 
value 1.035800 1.223900 1.223900 2.357900 
value 1.201200 1.454000 1.454000 3.093100 
value 1.171500 1.412000 1.412000 2.953400 
value 1.246300 1.518300 1.518300 3.311000 
value 1.160900 1.397100 1.397100 2.904400 
value 1.186600 1.433300 1.433300 3.023900 
value 1.178800 1.422200 1.422200 2.987200 
value 1.173600 1.414900 1.414900 2.963100 
value 1.255500 1.531500 1.531500 3.356500 
value 1.155700 1.389800 1.389800 2.880600 
value 1.146400 1.376700 1.376700 2.837900 
value 1.079100 1.283300 1.283300 2.540200 
value 1.154000 1.387300 1.387300 2.872500 
value 1.161400 1.397800 1.397800 2.906800 
value 1.320100 1.624900 1.624900 3.682100 
value 1.183600 1.429000 1.429000 3.009600 
value 1.166400 1.404800 1.404800 2.929700 
value 1.045400 1.237100 1.237100 2.397800 
value 1.184500 1.430400 1.430400 3.014300 
value 1.259900 1.537800 1.537800 3.378200 
value 1.200100 1.452500 1.452500 3.088000 
value 1.190600 1.439000 1.439000 3.043000 
value 1.215500 1.474300 1.474300 3.161400 
value 1.250800 1.524700 1.524700 3.333000 
value 1.252800 1.527500 1.527500 3.342800 
value 1.261200 1.539600 1.539600 3.384400 
value 1.217600 1.477200 1.477200 3.171300 
value 1.092300 1.301400 1.301400 2.596900 
value 1.282500 1.570400 1.570400 3.491100 
value 1.139800 1.367500 1.367500 2.808000 
value 1.180900 1.425200 1.425200 2.997200 
value 1.102800 1.315900 1.315900 2.642700 
value 1.136800 1.363300 1.363300 2.794300 
value 1.195000 1.445200 1.445200 3.063800 
value 1.243900 1.514800 1.514800 3.299100 
value 1.140200 1.368100 1.368100 2.809900 
value 1.319000 1.623300 1.623300 3.676600 
value 1.213900 1.472100 1.472100 3.153900 
value 1.122200 1.343000 1.343000 2.728800 
value 1.312000 1.613200 1.613200 3.640900 
value 1.192500 1.441700 1.441700 3.051800 
value 1.285500 1.574700 1.574700 3.505900 
value 1.199000 1.450800 1.450800 3.082400 
value 1.273700 1.557600 1.557600 3.446600 
value 1.244500 1.515600 1.515600 3.302000 
value 1.211200 1.468200 1.468200 3.140700 
value 1.248900 1.522000 1.522000 3.323900 
value 1.254300 1.529800 1.529800 3.350500 
value 1.148300 1.379400 1.379400 2.846600 
value 1.276400 1.561600 1.561600 3.460300 
value 1.370100 1.698100 1.698100 3.943200 
value 1.451800 1.819500 1.819500 4.384300 
value 1.180400 1.424500 1.424500 2.994800 
value 1.297200 1.591600 1.591600 3.565300 
value 1.202400 1.455700 1.455700 3.098800 
value 1.308000 1.607300 1.607300 3.620300 
value 1.187600 1.434700 1.434700 3.028500 
value 1.287800 1.578100 1.578100 3.517800 
value 1.141800 1.370300 1.370300 2.817000 
value 1.185100 1.431200 1.431200 3.016900 
value 1.125400 1.347400 1.347400 2.743100 
value 1.167000 1.405700 1.405700 2.932700 
value 1.334400 1.645800 1.645800 3.756100 
value 1.093500 1.303100 1.303100 2.602300 
value 1.367800 1.694700 1.694700 3.930800 
value 1.202200 1.455400 1.455400 3.097900 
value 1.214600 1.473000 1.473000 3.157200 
value 1.264300 1.544100 1.544100 3.399900 
value 1.274300 1.558600 1.558600 3.450000 
value 1.214900 1.473500 1.473500 3.158700 
value 1.132700 1.357500 1.357500 2.775600 
value 1.290400 1.581800 1.581800 3.531000 
value 1.221200 1.482400 1.482400 3.188700 
value 1.222100 1.483700 1.483700 3.193100 
value 1.114900 1.332800 1.332800 2.696500 
value 1.213100 1.470900 1.470900 3.150000 
value 1.249700 1.523200 1.523200 3.327900 
value 1.152000 1.384500 1.384500 2.863200 
value 1.344700 1.660900 1.660900 3.809900 
value 1.348300 1.666100 1.666100 3.828400 
value 1.151300 1.383700 1.383700 2.860400 
value 1.181300 1.425800 1.425800 2.999000 
value 0.983960 1.153900 1.153900 2.154000 
value 1.471600 1.849200 1.849200 4.494100 
value 1.127100 1.349800 1.349800 2.750700 
value 1.239500 1.508500 1.508500 3.277500 
value 1.182900 1.428000 1.428000 3.006400 
value 1.303600 1.600900 1.600900 3.597700 
value 1.203900 1.457800 1.457800 3.106000 
value 1.131800 1.356400 1.356400 2.771900 
value 1.153200 1.386200 1.386200 2.868900 
value 1.190000 1.438100 1.438100 3.040100 
value 1.187000 1.433800 1.433800 3.025700 
value 1.195600 1.446000 1.446000 3.066400 
value 1.271700 1.554700 1.554700 3.436700 
value 1.116700 1.335300 1.335300 2.704200 
value 1.182400 1.427400 1.427400 3.004200 
value 1.217000 1.476400 1.476400 3.168400 
value 1.118600 1.338000 1.338000 2.712900 
value 1.196500 1.447300 1.447300 3.070800 
value 1.419200 1.770700 1.770700 4.206100 
value 1.121500 1.342000 1.342000 2.725700 
value 1.315600 1.618300 1.618300 3.659000 
value 1.218200 1.478100 1.478100 3.174300 
value 1.435100 1.794500 1.794500 4.292100 
value 1.128600 1.351900 1.351900 2.757500 
value 1.212600 1.470100 1.470100 3.147300 
value 1.108100 1.323400 1.323400 2.666300 
value 1.027400 1.212500 1.212500 2.323300 
value 1.012900 1.192800 1.192800 2.264900 
value 1.235800 1.503200 1.503200 3.259600 
value 1.313100 1.614700 1.614700 3.646300 
value 1.141100 1.369400 1.369400 2.814000 
value 1.170300 1.410300 1.410300 2.947900 
value 1.284900 1.573800 1.573800 3.503100 
value 1.169600 1.409400 1.409400 2.944700 
value 1.164100 1.401600 1.401600 2.919200 
value 1.272800 1.556400 1.556400 3.442400 
value 1.323800 1.630400 1.630400 3.701500 
value 1.191000 1.439600 1.439600 3.044900 
value 1.073100 1.274900 1.274900 2.514200 
value 1.309600 1.609700 1.609700 3.628500 
value 1.179800 1.423700 1.423700 2.991900 
value 1.080900 1.285700 1.285700 2.547800 
value 1.256700 1.533200 1.533200 3.362500 
value 1.336500 1.648800 1.648800 3.767000 
value 1.191600 1.440400 1.440400 3.047600 
value 1.248000 1.520800 1.520800 3.319500 
value 1.226800 1.490400 1.490400 3.216000 
value 1.185500 1.431700 1.431700 3.018700 
value 1.096200 1.306900 1.306900 2.614300 
value 1.298300 1.593200 1.593200 3.570800 
value 1.150600 1.382600 1.382600 2.857100 
value 1.057900 1.254100 1.254100 2.450100 
value 1.314300 1.616500 1.616500 3.652500 
value 1.157300 1.392000 1.392000 2.887700 
value 1.108900 1.324500 1.324500 2.669900 
value 1.373900 1.703800 1.703800 3.963400 
value 1.143500 1.372700 1.372700 2.824800 
value 1.337800 1.650700 1.650700 3.773800 
value 1.236300 1.504000 1.504000 3.262200 
value 1.163100 1.400200 1.400200 2.914500 
value 1.142600 1.371400 1.371400 2.820400 
value 1.280000 1.566800 1.566800 3.478600 
value 1.278500 1.564600 1.564600 3.471100 
value 1.251400 1.525600 1.525600 3.336000 
value 1.144900 1.374600 1.374600 2.830900 
value 1.186100 1.432600 1.432600 3.021500 
value 1.339700 1.653500 1.653500 3.783700 
value 1.255000 1.530800 1.530800 3.353900 
value 1.135500 1.361400 1.361400 2.788300 
value 1.207100 1.462300 1.462300 3.121000 
value 1.263000 1.542200 1.542200 3.393500 
value 1.268300 1.549900 1.549900 3.420000 
value 1.134000 1.359400 1.359400 2.781800 
value 1.261600 1.540300 1.540300 3.386800 
value 1.196100 1.446700 1.446700 3.068700 
value 1.380100 1.712800 1.712800 3.996100 
value 1.252000 1.526400 1.526400 3.339100 
value 1.049600 1.242700 1.242700 2.415000 
value 1.111000 1.327400 1.327400 2.679100 
value 1.360400 1.683800 1.683800 3.891700 
value 1.237200 1.505300 1.505300 3.266500 
value 1.200600 1.453100 1.453100 3.090200 
value 1.292800 1.585200 1.585200 3.542700 
value 1.272200 1.555500 1.555500 3.439400 
value 1.322300 1.628000 1.628000 3.693300 
value 1.333200 1.644000 1.644000 3.749900 
value 1.236700 1.504500 1.504500 3.264000 
value 1.127900 1.350900 1.350900 2.754500 
value 1.246800 1.518900 1.518900 3.313300 
value 1.123100 1.344200 1.344200 2.732700 
value 1.295500 1.589100 1.589100 3.556400 
value 1.258100 1.535200 1.535200 3.369300 
value 1.218700 1.478800 1.478800 3.176600 
value 1.243500 1.514300 1.514300 3.297300 
value 1.228300 1.492500 1.492500 3.223200 
value 1.171800 1.412500 1.412500 2.954900 
value 1.198100 1.449500 1.449500 3.078100 
value 1.411300 1.759100 1.759100 4.163300 
value 1.240600 1.510000 1.510000 3.282900 
value 1.330500 1.640100 1.640100 3.736000 
value 1.168100 1.407300 1.407300 2.937800 
value 1.291000 1.582600 1.582600 3.533600 
value 1.204600 1.458800 1.458800 3.109100 
value 1.147500 1.378300 1.378300 2.842900 
value 1.223700 1.485900 1.485900 3.200800 
value 1.199600 1.451600 1.451600 3.085200 
value 1.087700 1.295100 1.295100 2.577000 
value 1.164900 1.402700 1.402700 2.922900 
value 1.226200 1.489500 1.489500 3.213000 
value 1.266200 1.546800 1.546800 3.409200 
value 1.060600 1.257800 1.257800 2.461300 
value 1.356200 1.677700 1.677700 3.869800 
value 1.143000 1.371900 1.371900 2.822300 
value 1.377200 1.708600 1.708600 3.980700 
value 1.216000 1.475100 1.475100 3.164000 
value 1.165800 1.404000 1.404000 2.927000 
value 1.138500 1.365600 1.365600 2.801800 
value 1.260400 1.538500 1.538500 3.380400 
value 1.299100 1.594400 1.594400 3.574900 
value 1.104800 1.318700 1.318700 2.651500 
value 1.304600 1.602400 1.602400 3.603100 
value 1.340900 1.655300 1.655300 3.789900 
value 1.301700 1.598200 1.598200 3.588300 
value 1.288600 1.579100 1.579100 3.521500 
value 1.305800 1.604000 1.604000 3.608800 
value 1.228900 1.493400 1.493400 3.226100 
value 1.154400 1.388000 1.388000 2.874600 
value 1.230900 1.496300 1.496300 3.235900 
value 1.100100 1.312200 1.312200 2.631000 
value 1.149500 1.381100 1.381100 2.852200 
value 1.177900 1.421000 1.421000 2.983000 
value 1.257400 1.534200 1.534200 3.365900 
value 1.174100 1.415600 1.415600 2.965300 
value 1.113400 1.330700 1.330700 2.689500 
value 1.203700 1.457500 1.457500 3.104800 
value 1.253800 1.529000 1.529000 3.347700 
value 1.178300 1.421600 1.421600 2.985100 
value 1.156300 1.390600 1.390600 2.882900 
value 1.277200 1.562700 1.562700 3.464300 
value 1.103400 1.316900 1.316900 2.645800 
value 1.248300 1.521200 1.521200 3.321000 
value 1.406100 1.751200 1.751200 4.135100 
value 1.283900 1.572400 1.572400 3.498200 
value 1.207600 1.463100 1.463100 3.123600 
value 1.292100 1.584200 1.584200 3.539300 
value 1.277900 1.563600 1.563600 3.467600 
value 1.062800 1.260900 1.260900 2.470800 
value 1.391000 1.729000 1.729000 4.054300 
value 1.179200 1.422900 1.422900 2.989300 
value 1.206000 1.460800 1.460800 3.116000 
value 1.245200 1.516700 1.516700 3.305500 
value 1.238500 1.507100 1.507100 3.272700 
value 1.193000 1.442400 1.442400 3.054400 
value 1.208200 1.463900 1.463900 3.126500 
value 1.176100 1.418500 1.418500 2.974900 
value 1.152500 1.385200 1.385200 2.865600 
value 1.275200 1.559800 1.559800 3.454200 
value 1.163700 1.401000 1.401000 2.917300 
value 1.174600 1.416400 1.416400 2.967900 
value 1.365200 1.690900 1.690900 3.917100 
value 1.230500 1.495600 1.495600 3.233700 
value 1.241500 1.511400 1.511400 3.287600 
value 1.144400 1.374000 1.374000 2.829000 
value 1.383200 1.717500 1.717500 4.012800 
value 1.089400 1.297400 1.297400 2.584500 
value 1.349400 1.667800 1.667800 3.834400 
value 1.162500 1.399300 1.399300 2.911600 
value 1.194100 1.444000 1.444000 3.059600 
value 1.300200 1.596000 1.596000 3.580500 
value 1.342600 1.657800 1.657800 3.798800 
value 1.216600 1.475800 1.475800 3.166600 
value 1.159100 1.394600 1.394600 2.896100 
value 1.325100 1.632100 1.632100 3.707700 
value 1.321400 1.626800 1.626800 3.689100 
value 1.131100 1.355400 1.355400 2.768700 
value 1.136200 1.362400 1.362400 2.791400 
value 1.224200 1.486600 1.486600 3.203200 
